1 0.2006121347941567 0.7848605577689244 0.049348439575033216 0.09296148738379813
1 0.25389414563966356 0.7822045152722444 0.05006363435148295 0.07968127490039847
1 0.3071761564851705 0.7861885790172642 0.046487660469234166 0.08233731739707849
1 0.3590277777777778 0.6839309428950864 0.04577246569278444 0.08764940239043838
1 0.414097775564409 0.5869853917662682 0.0400509074811864 0.08233731739707835
1 0.46559179946879153 0.6826029216467464 0.04863324479858342 0.08499335989375836
1 0.5185162129260735 0.7808764940239044 0.04720285524568396 0.09030544488711825
1 0.5735862107127048 0.7888446215139442 0.04434207613988491 0.07968127490039834
5 0.25282135347498896 0.8784860557768924 0.05077882912793271 0.09428950863213799
5 0.519946602478973 0.8857901726427623 0.04720285524568396 0.08499335989375822
6 0.4655917994687915 0.8811420982735723 0.04720285524568396 0.08632138114209809
6 0.5210193946436477 0.49070385126162014 0.0464876604692342 0.08897742363877825
7 0.5728710159362549 0.8791500664010624 0.04863324479858342 0.08499335989375822
7 0.20311531651173084 0.8824701195219123 0.044342076139884945 0.07835325365205832
8 0.3626037516600266 0.8811420982735723 0.04577246569278444 0.09428950863213814
9 0.41374017817618414 0.8837981407702523 0.05077882912793271 0.08632138114209824
10 0.36045816733067726 0.48871181938911024 0.052924413457282 0.08764940239043824
10 0.41302498339973437 0.48871181938911024 0.05220921868083231 0.10092961487383796
10 0.46737978640991584 0.29083665338645415 0.05077882912793278 0.08764940239043824
10 0.5206617972554227 0.2895086321381142 0.05006363435148302 0.0849933598937583
10 0.5714406263833555 0.29017264276228416 0.04434207613988491 0.09163346613545813
10 0.30681855909694555 0.2895086321381142 0.04291168658698538 0.0849933598937583
10 0.25282135347498896 0.2915006640106242 0.047918050022133694 0.09163346613545816
10 0.20204252434705622 0.49070385126162014 0.05220921868083224 0.08897742363877825
11 0.25317895086321385 0.19057104913678619 0.04720285524568396 0.08100929614873835
11 0.46809498118636567 0.3917662682602922 0.04934843957503318 0.0849933598937583
12 0.46630699424524125 0.1899070385126162 0.05006363435148295 0.08764940239043821
12 0.3086065460380699 0.1899070385126162 0.04934843957503315 0.08764940239043821
2 0.20204252434705622 0.19123505976095614 0.05077882912793271 0.08499335989375827
2 0.5721558211598052 0.19322709163346616 0.04863324479858356 0.08897742363877821
3 0.3615309594953519 0.19322709163346616 0.05077882912793271 0.08632138114209827
4 0.41374017817618414 0.1892430278884462 0.05220921868083224 0.0942895086321381
0 0.387635568835768 0.5385126162018592 0.4334080345285524 0.800796812749004
