1 0.2549669378043382 0.7868525896414343 0.040766102257636126 0.08632138114209824
1 0.3590277777777778 0.6839309428950863 0.04577246569278444 0.09030544488711818
1 0.4123097886232847 0.5869853917662682 0.05363960823373169 0.08764940239043824
1 0.5213769920318725 0.5869853917662682 0.04863324479858342 0.09296148738379813
6 0.5188738103142984 0.4893758300132802 0.05077882912793271 0.08897742363877818
7 0.5732286133244798 0.48871181938911024 0.05077882912793278 0.0849933598937583
7 0.35759738822487824 0.8824701195219123 0.04291168658698538 0.08100929614873835
8 0.4133825807879593 0.6865869853917662 0.04720285524568396 0.08764940239043824
9 0.30681855909694555 0.8837981407702523 0.0457724656927844 0.08632138114209824
6 0.5195890050907481 0.7835325365205844 0.05077882912793278 0.09030544488711811
5 0.3082489486498451 0.6872509960159363 0.048633244798583455 0.08632138114209824
10 0.20240012173528107 0.49070385126162014 0.042911686586985416 0.08897742363877825
10 0.3107521303674192 0.3944223107569721 0.04648766046923413 0.10092961487383796
10 0.36153095949535197 0.3904382470119522 0.04362688136343515 0.08764940239043824
10 0.414097775564409 0.4913678618857902 0.04863324479858342 0.09296148738379813
11 0.4126673860115095 0.3897742363877822 0.05149402390438247 0.08897742363877818
2 0.2016849269588313 0.19389110225763612 0.048633244798583455 0.08764940239043824
2 0.4666645916334662 0.19389110225763612 0.0450572709163346 0.0849933598937583
3 0.5206617972554227 0.38579017264276233 0.05006363435148302 0.0916334661354582
4 0.5203041998671979 0.19189907038512616 0.04648766046923413 0.0942895086321381
0 0.38763556883576805 0.5391766268260292 0.42768647631695444 0.791500664010624
