1 0.2006121347941567 0.7855245683930943 0.05220921868083224 0.09694555112881802
1 0.25460934041611333 0.7861885790172642 0.050063634351482984 0.09296148738379827
1 0.3061033643204958 0.7835325365205844 0.050063634351482984 0.09030544488711811
1 0.35974297255422755 0.7802124833997344 0.05006363435148302 0.08897742363877825
1 0.4119521912350598 0.5863213811420982 0.05149402390438254 0.09428950863213814
1 0.4659493968570163 0.7815405046480745 0.04791805002213373 0.09694555112881802
1 0.5210193946436477 0.7828685258964143 0.04791805002213365 0.09428950863213814
1 0.5728710159362549 0.7841965471447543 0.05006363435148302 0.09163346613545813
5 0.2535365482514387 0.8851261620185923 0.05220921868083224 0.09428950863213799
5 0.519946602478973 0.8818061088977425 0.05006363435148302 0.0876494023904381
6 0.3075337538733953 0.8804780876494024 0.050063634351482984 0.08499335989375822
6 0.46630699424524125 0.8824701195219123 0.05006363435148295 0.09163346613545813
7 0.20025453740593185 0.8851261620185923 0.050063634351482984 0.0889774236387781
7 0.5725134185480302 0.8818061088977425 0.05077882912793264 0.09030544488711811
8 0.36081576471890214 0.8804780876494024 0.05220921868083224 0.09030544488711811
9 0.41266738601150954 0.8837981407702523 0.04863324479858349 0.08632138114209824
10 0.2038305112881806 0.2921646746347941 0.040050907481186365 0.0849933598937583
10 0.2549669378043382 0.2921646746347941 0.040766102257636126 0.08764940239043821
10 0.3082489486498451 0.2895086321381142 0.052924413457281966 0.0929614873837981
10 0.35974297255422755 0.2934926958831341 0.04291168658698538 0.08764940239043824
10 0.4655917994687915 0.2881806108897742 0.04720285524568396 0.07968127490039838
10 0.41481297034085884 0.48871181938911024 0.05006363435148295 0.09296148738379813
10 0.5206617972554227 0.29083665338645415 0.04863324479858349 0.09296148738379813
10 0.5735862107127048 0.29415670650730413 0.04720285524568389 0.09163346613545816
11 0.25317895086321385 0.1899070385126162 0.04434207613988491 0.09030544488711818
11 0.5195890050907481 0.1899070385126162 0.04362688136343507 0.08764940239043821
12 0.46702218902169107 0.1958831341301461 0.04577246569278436 0.08100929614873838
12 0.30610336432049584 0.1899070385126162 0.05149402390438247 0.09030544488711818
2 0.20526090084108012 0.19389110225763612 0.041481297034085894 0.09296148738379813
2 0.5717982237715803 0.19389110225763612 0.0479180500221338 0.09030544488711818
3 0.36045816733067726 0.19389110225763612 0.052924413457282 0.09296148738379813
4 0.4151705677290837 0.19189907038512616 0.04934843957503318 0.09163346613545816
