1 0.2041881086764055 0.7848605577689244 0.04076610225763609 0.08233731739707835
1 0.25711252213368746 0.6839309428950864 0.047918050022133694 0.08233731739707835
1 0.30395777999114654 0.5856573705179282 0.04720285524568389 0.09827357237715809
1 0.3618885568835768 0.6845949535192563 0.05006363435148295 0.08366533864541836
1 0.4680949811863656 0.5883134130146083 0.05220921868083224 0.08764940239043831
1 0.519946602478973 0.5929614873837982 0.04577246569278436 0.08632138114209831
1 0.5725134185480302 0.7822045152722444 0.04219649181053562 0.09030544488711825
6 0.30646096170872067 0.3917662682602922 0.05363960823373169 0.0849933598937583
7 0.3540214143426295 0.8811420982735723 0.04577246569278444 0.09694555112881786
7 0.46523420208056665 0.8844621513944222 0.03647493359893758 0.09030544488711811
8 0.3611733621071271 0.7855245683930943 0.05006363435148295 0.08366533864541836
9 0.5710830289951305 0.8837981407702523 0.04648766046923427 0.08632138114209824
10 0.20633369300575474 0.4920318725099601 0.043626881363435184 0.0783532536520584
10 0.25282135347498896 0.39575033200531207 0.04505727091633467 0.08233731739707835
10 0.41803134683488274 0.3911022576361222 0.03790532315183711 0.07569721115537846
10 0.417316152058433 0.4946879150066401 0.04076610225763616 0.0836653386454183
10 0.5210193946436477 0.3911022576361222 0.03647493359893765 0.07569721115537846
10 0.5750166002656043 0.2934926958831341 0.04291168658698538 0.09296148738379813
12 0.3601005699424525 0.5849933598937583 0.05077882912793278 0.08897742363877825
2 0.2038305112881806 0.29548472775564405 0.04148129703408585 0.08897742363877821
4 0.5217345894200974 0.2934926958831341 0.04934843957503318 0.09030544488711816
0 0.3894235557768924 0.5405046480743692 0.4312624501992032 0.8021248339973439
