1 0.20669129039397965 0.7868525896414343 0.04291168658698538 0.09163346613545827
1 0.2535365482514387 0.7835325365205844 0.04362688136343515 0.08233731739707835
1 0.3061033643204958 0.7808764940239044 0.04291168658698538 0.08499335989375822
1 0.35974297255422755 0.6839309428950864 0.04863324479858349 0.08233731739707835
1 0.41302498339973437 0.5916334661354581 0.04934843957503325 0.10225763612217798
1 0.4659493968570164 0.6839309428950864 0.04934843957503318 0.09296148738379813
1 0.517085823373174 0.5869853917662682 0.04577246569278451 0.08764940239043824
1 0.5707254316069057 0.7868525896414343 0.04434207613988491 0.07835325365205847
5 0.5188738103142984 0.8837981407702523 0.0464876604692342 0.08897742363877825
5 0.252463756086764 0.8791500664010624 0.04291168658698535 0.08233731739707821
6 0.46737978640991584 0.8791500664010624 0.04219649181053562 0.09296148738379799
6 0.5714406263833554 0.5869853917662682 0.04720285524568404 0.09296148738379813
7 0.20132732957060648 0.8837981407702523 0.03647493359893758 0.08632138114209824
7 0.5692950420540062 0.8837981407702523 0.04291168658698545 0.09163346613545797
8 0.3604581673306773 0.8804780876494024 0.04577246569278444 0.0876494023904381
9 0.41374017817618414 0.8824701195219123 0.0450572709163346 0.10491367861885777
10 0.2041881086764055 0.2921646746347941 0.04076610225763609 0.0849933598937583
10 0.2553245351925631 0.29083665338645415 0.042911686586985416 0.08233731739707835
10 0.3100369355909695 0.30079681274900394 0.04505727091633467 0.07835325365205843
10 0.414097775564409 0.49070385126162014 0.04434207613988484 0.09163346613545813
10 0.36081576471890214 0.5876494023904383 0.04076610225763616 0.07569721115537853
10 0.46737978640991584 0.29083665338645415 0.04934843957503325 0.08233731739707835
10 0.5192314077025233 0.29150066401062413 0.03862051792828687 0.06772908366533863
10 0.5760893924302789 0.3944223107569721 0.04362688136343507 0.0796812749003984
11 0.4677373837981408 0.3871181938911022 0.04148129703408585 0.0916334661354582
11 0.2535365482514387 0.19123505976095617 0.05220921868083224 0.09030544488711818
12 0.3050305721558212 0.19256308100929614 0.04934843957503318 0.10092961487383796
12 0.4133825807879593 0.2881806108897742 0.0400509074811864 0.08499335989375827
2 0.20490330345285523 0.1892430278884462 0.04505727091633467 0.09694555112881804
2 0.46630699424524136 0.19189907038512616 0.04863324479858343 0.08632138114209824
3 0.3618885568835768 0.19057104913678619 0.05149402390438247 0.0783532536520584
4 0.5210193946436477 0.1892430278884462 0.04362688136343515 0.08897742363877818
0 0.38656277667109334 0.5358565737051793 0.42983206064630364 0.7928286852589642
