1 0.20490330345285523 0.7855245683930943 0.03647493359893758 0.08100929614873849
1 0.25389414563966356 0.7848605577689244 0.048633244798583455 0.09296148738379813
1 0.3601005699424525 0.6812749003984063 0.0464876604692342 0.0929614873837982
1 0.41052180168216024 0.5810092961487383 0.04434207613988491 0.08632138114209831
1 0.572871015936255 0.7861885790172642 0.04434207613988491 0.07968127490039847
5 0.4630886177512174 0.8844621513944223 0.04505727091633467 0.09296148738379799
7 0.517085823373174 0.3911022576361222 0.05006363435148295 0.09694555112881809
8 0.5714406263833556 0.4926958831341301 0.05006363435148295 0.08764940239043824
9 0.5174434207613988 0.8804780876494024 0.04505727091633474 0.09030544488711811
10 0.2038305112881806 0.4920318725099601 0.03862051792828687 0.0836653386454183
10 0.25639732735723775 0.39375830013280216 0.04934843957503318 0.08100929614873835
10 0.3633189464364763 0.39243027888446214 0.04863324479858342 0.08632138114209824
10 0.36081576471890214 0.5876494023904383 0.05077882912793271 0.08366533864541836
11 0.25282135347498896 0.5849933598937582 0.04934843957503318 0.08632138114209831
11 0.5732286133244798 0.28884462151394424 0.04934843957503318 0.08100929614873838
2 0.5210193946436477 0.28685258964143423 0.04791805002213365 0.09030544488711818
3 0.3075337538733953 0.8804780876494024 0.047202855245683926 0.0876494023904381
4 0.5721558211598052 0.1899070385126162 0.04720285524568396 0.08499335989375827
0 0.3869203740593183 0.5398406374501992 0.42768647631695444 0.792828685258964
