1 0.20311531651173084 0.7815405046480742 0.040050907481186365 0.08366533864541836
1 0.25425174302788844 0.6859229747675962 0.03790532315183711 0.08632138114209824
1 0.3096793382027446 0.5956175298804781 0.041481297034085894 0.09694555112881816
1 0.3593853751660026 0.6885790172642763 0.04505727091633467 0.09428950863213814
1 0.5203041998671979 0.5876494023904383 0.05506999778663115 0.10225763612217798
1 0.5732286133244798 0.7822045152722444 0.04791805002213365 0.09030544488711825
6 0.30574576693227096 0.3944223107569721 0.047918050022133694 0.09296148738379806
7 0.3611733621071271 0.3911022576361222 0.04577246569278444 0.08897742363877818
7 0.41374017817618414 0.49070385126162014 0.0450572709163346 0.09428950863213814
8 0.3611733621071271 0.7841965471447543 0.052924413457282 0.09960159362549803
9 0.5725134185480302 0.8824701195219123 0.04505727091633467 0.09960159362549788
10 0.20168492695883133 0.4893758300132802 0.0400509074811864 0.0916334661354582
10 0.25460934041611333 0.3917662682602922 0.0386205179282868 0.0849933598937583
10 0.5188738103142984 0.3944223107569721 0.04362688136343515 0.10092961487383796
10 0.572871015936255 0.3877822045152722 0.04148129703408585 0.0929614873837982
2 0.4645190073041169 0.29482071713147406 0.05077882912793271 0.0929614873837981
4 0.5717982237715803 0.2888446215139442 0.04362688136343515 0.09428950863213807
0 0.3883507636122178 0.5378486055776892 0.429116865869854 0.7994687915006641
