1 0.2242135624169987 0.7058432934926958 0.056500387339530785 0.1155378486055777
1 0.5263833554670208 0.8154050464807437 0.05435480301018153 0.1035856573705179
1 0.5861021193005754 0.7065073041168658 0.05220921868083216 0.1088977423638778
6 0.28643550796812745 0.9262948207171314 0.05793077689243031 0.11022576361221795
7 0.4634462151394422 0.9282868525896414 0.05721558211598058 0.10358565737051804
8 0.3461542718016822 0.9243027888446216 0.05435480301018145 0.10624169986719792
7 0.17057395418326693 0.3738379814077025 0.049348439575033216 0.08632138114209831
9 0.5839565349712262 0.9282868525896414 0.05363960823373169 0.10092961487383803
10 0.22600154935812306 0.5922974767596281 0.05721558211598051 0.10092961487383803
12 0.28750830013280215 0.4847277556440903 0.05864597166888 0.11155378486055774
10 0.5235225763612218 0.2583001328021248 0.05578519256308105 0.09694555112881809
2 0.4051578408587871 0.5962815405046481 0.05650038733953075 0.10624169986719792
11 0.4688101759628154 0.150066401062417 0.05506999778663122 0.09827357237715803
2 0.5825261454183267 0.150066401062417 0.05363960823373176 0.10092961487383798
10 0.17093155157149184 0.26693227091633465 0.054354803010181495 0.100929614873838
4 0.5868173140770253 0.26162018592297476 0.05650038733953075 0.10889774236387784
0 0.37583485502434705 0.5391766268260292 0.4827564741035857 0.8924302788844622
