1 0.20526090084108012 0.7822045152722444 0.040050907481186365 0.07968127490039847
1 0.2517485613103143 0.7808764940239044 0.042911686586985416 0.08233731739707849
1 0.3615309594953519 0.6852589641434264 0.04076610225763616 0.07436918990703859
1 0.4144553729526339 0.5856573705179282 0.04076610225763609 0.0849933598937583
1 0.5717982237715803 0.7848605577689243 0.04362688136343515 0.07968127490039847
7 0.2024001217352811 0.8811420982735723 0.0400509074811864 0.07835325365205832
5 0.36188855688357685 0.7895086321381143 0.04434207613988491 0.08100929614873835
7 0.5721558211598052 0.3891102257636122 0.04434207613988491 0.08764940239043817
8 0.5735862107127048 0.4880478087649402 0.04863324479858342 0.09163346613545813
9 0.5696526394422311 0.8791500664010624 0.04791805002213365 0.09296148738379799
10 0.20418810867640552 0.49136786188579007 0.042196491810535655 0.0796812749003984
10 0.25711252213368746 0.3837981407702523 0.047918050022133694 0.07702523240371839
10 0.36081576471890214 0.3891102257636122 0.04219649181053562 0.08233731739707828
10 0.3604581673306773 0.5849933598937582 0.04720285524568396 0.0916334661354582
11 0.5721558211598052 0.28884462151394424 0.04434207613988491 0.08100929614873838
11 0.25603972996901286 0.5836653386454183 0.047202855245683926 0.08897742363877825
2 0.41481297034085884 0.1905710491367862 0.04577246569278444 0.09694555112881804
2 0.46809498118636567 0.19389110225763612 0.05077882912793278 0.0849933598937583
3 0.3082489486498451 0.7835325365205844 0.048633244798583455 0.09561752988047814
4 0.5721558211598052 0.18857901726427623 0.05006363435148287 0.09296148738379813
0 0.3876355688357681 0.5371845949535193 0.429116865869854 0.7928286852589642
