1 0.20311531651173084 0.7822045152722444 0.035759738822487785 0.08499335989375836
1 0.25389414563966356 0.6845949535192563 0.03575973882248782 0.08366533864541836
1 0.3086065460380699 0.5929614873837982 0.040766102257636126 0.08632138114209831
1 0.3622461542718017 0.6852589641434262 0.0464876604692342 0.09030544488711825
1 0.4677373837981408 0.6912350597609561 0.03719012837538742 0.08100929614873849
1 0.5213769920318725 0.5922974767596281 0.04005090748118633 0.07436918990703859
1 0.5764469898185038 0.7848605577689244 0.03719012837538735 0.08499335989375836
5 0.305388169544046 0.6845949535192563 0.0457724656927844 0.0916334661354582
5 0.519946602478973 0.6839309428950864 0.0400509074811864 0.07968127490039834
6 0.4148129703408588 0.7861885790172642 0.04291168658698538 0.07702523240371846
6 0.5764469898185037 0.3944223107569721 0.04291168658698538 0.08764940239043817
7 0.4638038125276671 0.8844621513944222 0.04505727091633467 0.07968127490039834
7 0.20168492695883133 0.8884462151394422 0.04291168658698538 0.08499335989375822
8 0.3626037516600266 0.7848605577689244 0.04863324479858342 0.09296148738379813
9 0.5725134185480302 0.8837981407702523 0.04362688136343515 0.09428950863213799
10 0.20204252434705622 0.4893758300132802 0.035044544046038094 0.0783532536520584
10 0.25603972996901286 0.29083665338645415 0.041481297034085894 0.09827357237715802
10 0.41552816511730856 0.4880478087649402 0.03719012837538735 0.1022576361221779
10 0.5213769920318725 0.39176626826029215 0.04148129703408593 0.09827357237715802
10 0.4677373837981408 0.29017264276228416 0.04863324479858342 0.09694555112881802
10 0.5714406263833555 0.2881806108897742 0.04291168658698538 0.09030544488711816
11 0.46630699424524125 0.3917662682602922 0.04577246569278436 0.09296148738379806
12 0.3046729747675963 0.19389110225763612 0.04863324479858342 0.09296148738379813
12 0.31039453297919434 0.4880478087649402 0.05006363435148295 0.09960159362549803
2 0.20776408255865428 0.28685258964143423 0.035044544046038094 0.09561752988047807
2 0.5764469898185038 0.19322709163346616 0.04720285524568389 0.09163346613545816
3 0.41552816511730856 0.3891102257636122 0.05149402390438247 0.09030544488711818
4 0.4144553729526339 0.19123505976095617 0.04791805002213365 0.09030544488711818
0 0.3883507636122178 0.5385126162018592 0.429116865869854 0.800796812749004
