1 0.2041881086764055 0.7855245683930943 0.04076610225763609 0.07835325365205847
1 0.25425174302788844 0.6845949535192563 0.040766102257636126 0.08897742363877825
1 0.3050305721558212 0.5936254980079682 0.04076610225763616 0.07436918990703852
1 0.36081576471890214 0.6865869853917662 0.03790532315183711 0.08764940239043824
1 0.46845257857459044 0.6845949535192563 0.03862051792828687 0.08366533864541836
1 0.517085823373174 0.5869853917662682 0.04148129703408593 0.08764940239043824
1 0.5735862107127048 0.7835325365205844 0.04291168658698538 0.08499335989375836
5 0.3082489486498451 0.6852589641434264 0.04577246569278444 0.08499335989375836
5 0.5185162129260735 0.6806108897742363 0.0400509074811864 0.08632138114209824
6 0.41230978862328466 0.7795484727755644 0.04791805002213365 0.08233731739707835
6 0.5210193946436477 0.4867197875166002 0.03933571270473671 0.08897742363877818
7 0.4634462151394422 0.8818061088977425 0.03575973882248782 0.0876494023904381
7 0.2024001217352811 0.8864541832669324 0.03289895971668884 0.09428950863213814
8 0.358312583001328 0.8864541832669324 0.04577246569278444 0.09960159362549788
9 0.517085823373174 0.8791500664010624 0.04577246569278451 0.10092961487383789
10 0.20347291389995575 0.4873837981407702 0.03647493359893758 0.09296148738379813
10 0.25282135347498896 0.29083665338645415 0.0464876604692342 0.08499335989375827
10 0.4133825807879593 0.48871181938911024 0.03862051792828687 0.08233731739707835
10 0.467022189021691 0.28884462151394424 0.05006363435148302 0.09163346613545816
10 0.5210193946436477 0.38844621513944216 0.04362688136343515 0.0836653386454183
10 0.5732286133244798 0.29482071713147406 0.0464876604692342 0.0849933598937583
11 0.414097775564409 0.19256308100929614 0.04148129703408585 0.09030544488711818
12 0.3082489486498451 0.1952191235059761 0.04434207613988491 0.09561752988047807
12 0.20347291389995575 0.6859229747675962 0.040766102257636126 0.08100929614873849
2 0.20454570606463038 0.2915006640106242 0.040050907481186365 0.09163346613545816
2 0.572871015936255 0.19189907038512616 0.04148129703408585 0.0836653386454183
3 0.4115945938468349 0.38579017264276233 0.04505727091633474 0.0783532536520584
4 0.46845257857459055 0.19322709163346616 0.04291168658698538 0.09163346613545816
0 0.38727797144754317 0.5371845949535193 0.43555361885790167 0.800796812749004
