1 0.46559179946879153 0.8180610889774236 0.05721558211598044 0.10624169986719778
1 0.5256681606905711 0.7051792828685259 0.05864597166888004 0.11155378486055767
1 0.5846717297476759 0.8180610889774236 0.0593611664453298 0.10624169986719778
1 0.4055154382470119 0.7051792828685259 0.05864597166888004 0.10889774236387793
7 0.40587303563523675 0.4820717131474103 0.0593611664453298 0.1088977423638778
9 0.40587303563523686 0.8167330677290837 0.0579307768924302 0.1035856573705179
4 0.5253105633023462 0.14873837981407703 0.05793077689243034 0.10624169986719786
12 0.28536271580345285 0.14873837981407703 0.05864597166888 0.10889774236387781
12 0.16592518813634352 0.4820717131474103 0.06007636122177956 0.1088977423638778
10 0.5253105633023462 0.2602921646746348 0.0593611664453298 0.10624169986719789
10 0.5853869245241258 0.3738379814077025 0.05793077689243027 0.10491367861885792
10 0.3454390770252324 0.48339973439575035 0.058645971668880074 0.1035856573705179
0 0.3740468680832227 0.5398406374501993 0.4806108897742364 0.8911022576361222
