1 0.20311531651173084 0.7848605577689244 0.044342076139884945 0.08233731739707835
1 0.25639732735723775 0.7915006640106241 0.04362688136343515 0.07968127490039847
1 0.3057457669322709 0.7888446215139442 0.04219649181053562 0.0770252324037186
1 0.36296134904825145 0.6819389110225764 0.05650038733953082 0.10225763612217804
1 0.41123699645860995 0.5790172642762283 0.05006363435148295 0.09561752988047814
5 0.3611733621071271 0.7881806108897743 0.0400509074811864 0.08632138114209838
7 0.19953934262948209 0.8857901726427623 0.03862051792828687 0.08499335989375822
7 0.5206617972554227 0.3911022576361222 0.04434207613988491 0.08100929614873835
8 0.5717982237715803 0.4893758300132802 0.04505727091633467 0.0916334661354582
1 0.5725134185480302 0.7895086321381143 0.03933571270473656 0.09694555112881816
9 0.5692950420540062 0.8831341301460823 0.04720285524568389 0.09296148738379799
10 0.19953934262948206 0.4893758300132802 0.04291168658698538 0.08632138114209831
10 0.25782771691013723 0.39176626826029215 0.03790532315183711 0.09827357237715802
10 0.3622461542718017 0.3844621513944223 0.04076610225763609 0.0783532536520584
10 0.36510693337760075 0.5856573705179282 0.04362688136343515 0.08233731739707842
10 0.575731795042054 0.39575033200531207 0.04148129703408593 0.07702523240371846
11 0.5725134185480302 0.28884462151394424 0.04505727091633467 0.08632138114209827
2 0.41588576250553344 0.19389110225763612 0.03647493359893758 0.0849933598937583
2 0.4666645916334662 0.19256308100929614 0.04791805002213373 0.08764940239043824
3 0.3071761564851705 0.29017264276228416 0.047918050022133694 0.09163346613545813
4 0.5725134185480302 0.1899070385126162 0.05363960823373169 0.08499335989375827
0 0.38870836100044265 0.5398406374501993 0.42983206064630364 0.7981407702523242
