1 0.20168492695883133 0.7875166002656041 0.05149402390438247 0.09296148738379813
1 0.25317895086321385 0.7835325365205844 0.05006363435148295 0.08764940239043838
1 0.3075337538733953 0.5876494023904383 0.050063634351482984 0.08632138114209831
1 0.3604581673306773 0.6879150066401063 0.05006363435148302 0.09827357237715809
1 0.4133825807879593 0.5856573705179282 0.04720285524568396 0.08764940239043831
1 0.467022189021691 0.6852589641434262 0.04863324479858349 0.09030544488711825
1 0.519946602478973 0.5863213811420982 0.05006363435148302 0.08897742363877825
1 0.572871015936255 0.7861885790172642 0.04720285524568396 0.08764940239043824
5 0.41374017817618425 0.7848605577689244 0.0464876604692342 0.08499335989375836
5 0.2553245351925631 0.8811420982735723 0.048633244798583455 0.08366533864541836
6 0.4677373837981408 0.8804780876494024 0.04577246569278436 0.09296148738379813
6 0.5210193946436477 0.48871181938911024 0.04791805002213365 0.09030544488711818
7 0.19882414785303232 0.8857901726427622 0.04577246569278444 0.07968127490039834
7 0.5685798472775565 0.8811420982735723 0.04577246569278436 0.09163346613545813
8 0.3590277777777778 0.8791500664010624 0.04148129703408585 0.08764940239043824
9 0.4108793990703852 0.8824701195219123 0.04505727091633467 0.09163346613545813
10 0.2024001217352811 0.49070385126162014 0.03432934926958829 0.08100929614873835
10 0.3071761564851705 0.3911022576361222 0.036474933598937616 0.08100929614873835
10 0.25460934041611333 0.29482071713147406 0.04434207613988491 0.08764940239043821
10 0.3601005699424525 0.4867197875166002 0.04362688136343515 0.08632138114209831
10 0.414097775564409 0.4880478087649402 0.04434207613988484 0.08632138114209824
10 0.5188738103142984 0.3904382470119522 0.04219649181053569 0.09030544488711811
10 0.46451900730411677 0.29083665338645415 0.04505727091633467 0.08764940239043824
10 0.5717982237715803 0.2921646746347941 0.04076610225763609 0.08764940239043821
11 0.3601005699424524 0.2934926958831341 0.05220921868083224 0.09827357237715802
11 0.46737978640991584 0.3904382470119522 0.04934843957503325 0.07968127490039834
12 0.3078913512616202 0.1905710491367862 0.049348439575033216 0.09694555112881804
12 0.46559179946879153 0.18791500664010624 0.05006363435148295 0.08100929614873835
2 0.20633369300575474 0.19322709163346616 0.040766102257636126 0.08366533864541832
2 0.5750166002656043 0.1958831341301461 0.04577246569278436 0.09163346613545816
3 0.36045816733067726 0.19389110225763612 0.052924413457282 0.09827357237715802
4 0.4144553729526339 0.1905710491367862 0.04791805002213365 0.08897742363877821
0 0.3879931662239929 0.5391766268260293 0.4284016710934042 0.7968127490039842
