1 0.2024001217352811 0.7888446215139442 0.0400509074811864 0.09827357237715816
1 0.255682132580788 0.7808764940239044 0.04505727091633467 0.08233731739707849
1 0.3075337538733953 0.5889774236387781 0.048633244798583455 0.09428950863213814
1 0.3561669986719788 0.6806108897742363 0.04291168658698545 0.08632138114209824
1 0.4648766046923417 0.6799468791500664 0.03289895971668884 0.08233731739707842
1 0.5220921868083224 0.5929614873837982 0.03432934926958829 0.08366533864541836
1 0.3082489486498451 0.3950863213811421 0.03003818061088978 0.08100929614873835
5 0.4115945938468349 0.7835325365205844 0.04934843957503318 0.09296148738379813
5 0.24960297698096504 0.8798140770252323 0.041481297034085894 0.08100929614873835
6 0.46201582558654275 0.8818061088977425 0.03719012837538727 0.09030544488711811
6 0.5188738103142984 0.4867197875166002 0.0450572709163346 0.08897742363877818
7 0.20132732957060648 0.8891102257636122 0.026462206728641 0.07569721115537846
7 0.5682222498893316 0.8831341301460823 0.04362688136343507 0.08499335989375822
8 0.35545180389552905 0.8857901726427623 0.04577246569278444 0.095617529880478
9 0.414097775564409 0.8851261620185923 0.0400509074811864 0.09694555112881802
10 0.20454570606463038 0.49003984063745015 0.04434207613988491 0.08233731739707835
10 0.25282135347498896 0.29415670650730413 0.042196491810535586 0.09163346613545816
10 0.41695855467020804 0.49070385126162014 0.04434207613988491 0.09163346613545813
10 0.5213769920318725 0.3897742363877822 0.04005090748118633 0.07569721115537846
10 0.4680949811863656 0.29415670650730413 0.05220921868083224 0.08100929614873838
10 0.5732286133244798 0.2928286852589641 0.03790532315183704 0.07835325365205843
11 0.4677373837981408 0.38645418326693226 0.04863324479858342 0.09030544488711825
11 0.3601005699424525 0.29083665338645415 0.05077882912793278 0.09296148738379813
12 0.3053881695440461 0.19389110225763612 0.05006363435148295 0.09827357237715802
12 0.3593853751660026 0.3897742363877822 0.05220921868083231 0.09428950863213814
2 0.20561849822930497 0.19189907038512616 0.042196491810535655 0.09163346613545816
2 0.5753741976538291 0.19389110225763612 0.03790532315183711 0.09296148738379813
3 0.36081576471890214 0.19189907038512616 0.04934843957503325 0.0836653386454183
4 0.4659493968570164 0.1905710491367862 0.04076610225763616 0.09163346613545816
1 0.5717982237715803 0.7835325365205844 0.03933571270473656 0.09030544488711811
0 0.3887083610004427 0.5411686586985391 0.4312624501992032 0.8007968127490039
