1 0.20204252434705622 0.7881806108897743 0.037905323151837075 0.08632138114209838
1 0.25317895086321385 0.6852589641434264 0.04291168658698538 0.08499335989375836
1 0.3061033643204958 0.5836653386454183 0.04148129703408585 0.08366533864541836
1 0.3579549856131031 0.6852589641434262 0.04219649181053562 0.09030544488711825
1 0.5721558211598052 0.7802124833997346 0.04720285524568396 0.09428950863213814
6 0.36188855688357685 0.29083665338645415 0.06007636122177956 0.08499335989375827
7 0.417316152058433 0.2888446215139442 0.04219649181053562 0.09428950863213807
8 0.4695253707392652 0.1905710491367862 0.04791805002213373 0.0942895086321381
9 0.5678646525011066 0.8784860557768924 0.05292441345728207 0.09960159362549803
10 0.20311531651173084 0.4867197875166002 0.035759738822487785 0.09694555112881809
10 0.2513909639220894 0.38844621513944216 0.035044544046038094 0.07304116865869852
10 0.5210193946436477 0.39375830013280205 0.0464876604692342 0.08897742363877818
10 0.519946602478973 0.5889774236387783 0.05006363435148302 0.0916334661354582
4 0.5725134185480301 0.19189907038512616 0.04934843957503325 0.08897742363877821
0 0.3879931662239929 0.5378486055776892 0.4312624501992032 0.7915006640106241
